100 150 100
33 91
21 71
1 95
21 80
35 42
28 58
18 90
63 98
31 38
22 35
19 82
0 78
26 69
3 49
36 46
13 26
16 77
13 90
47 64
82 95
47 73
64 89
53 89
28 69
23 27
22 92
46 59
9 10
52 86
1 17
66 89
1 90
88 95
42 43
11 55
12 20
22 85
30 68
22 30
40 91
38 48
23 84
6 43
12 93
78 93
75 76
3 44
16 63
7 60
8 43
10 40
39 85
11 57
69 83
21 98
77 96
57 72
61 88
27 95
13 87
8 36
44 99
35 96
45 64
78 79
23 24
21 91
4 75
83 84
70 84
52 87
10 17
28 41
17 41
64 70
27 51
16 85
25 33
6 49
4 31
15 61
78 99
44 85
10 28
1 25
27 44
68 97
17 61
52 64
42 63
60 86
47 86
70 97
19 24
16 71
27 46
14 55
46 90
54 82
21 88
35 50
1 66
50 96
62 70
9 98
9 52
13 98
33 46
59 92
10 71
12 44
16 75
42 94
31 57
15 79
57 94
35 36
41 52
6 94
18 38
25 53
22 93
36 37
29 53
74 85
65 82
23 46
4 60
16 89
58 70
6 32
47 67
1 45
4 69
34 79
16 61
9 77
40 64
28 44
15 74
62 79
21 87
24 49
16 54
10 68
59 89
9 15
12 41
23 41
49 69
remove 12 41
query 43 3
query 20 24
query 62 19
remove 45 64
query 51 62
query 89 73
remove 57 72
remove 28 41
query 56 31
query 95 91
remove 52 86
query 63 96
remove 27 95
remove 16 75
remove 13 98
remove 6 32
remove 23 41
remove 13 87
remove 68 97
query 48 14
remove 64 89
remove 47 86
remove 42 43
query 53 45
remove 24 49
remove 18 38
remove 74 85
remove 18 90
remove 8 43
query 79 65
query 87 74
remove 21 91
remove 16 77
query 96 30
remove 9 77
remove 9 52
remove 33 46
remove 22 92
query 72 74
remove 40 64
remove 35 96
query 54 59
query 15 87
query 84 23
remove 9 15
remove 47 64
remove 4 31
query 52 89
query 98 99
query 89 43
query 96 76
remove 13 90
remove 4 60
query 74 95
query 59 56
remove 59 89
remove 1 95
remove 7 60
query 85 28
remove 1 45
query 26 93
remove 9 98
remove 44 99
remove 58 70
remove 33 91
remove 6 49
remove 42 63
remove 70 84
query 41 43
remove 3 44
query 50 26
remove 21 88
remove 10 71
remove 12 44
remove 42 94
query 89 33
query 88 18
remove 10 68
remove 64 70
remove 16 54
remove 30 68
query 67 73
remove 22 35
remove 17 61
remove 16 61
query 70 95
remove 10 28
remove 69 83
query 17 19
query 88 40
query 29 88
remove 54 82
remove 44 85
query 62 69
query 27 31
query 11 64
query 95 83
query 70 88
remove 11 57
